# Blender v2.80 (sub 75) OBJ File: ''
# www.blender.org
mtllib myCubes.mtl
o Cube_Cube.003
v -1.838072 0.616201 3.348352
v -2.059910 1.642833 5.050355
v -3.017782 1.926509 2.404224
v -3.239620 2.953141 4.106227
v -0.238362 1.724858 2.888127
v -0.460200 2.751490 4.590130
v -1.418072 3.035166 1.943999
v -1.639910 4.061798 3.646002
vn -0.7999 -0.5543 0.2301
vn -0.5899 0.6552 -0.4721
vn 0.7999 0.5543 -0.2301
vn 0.5899 -0.6552 0.4721
vn 0.1109 -0.5133 -0.8510
vn -0.1109 0.5133 0.8510
usemtl Material.003
s off
f 2//1 3//1 1//1
f 4//2 7//2 3//2
f 8//3 5//3 7//3
f 6//4 1//4 5//4
f 7//5 1//5 3//5
f 4//6 6//6 8//6
f 2//1 4//1 3//1
f 4//2 8//2 7//2
f 8//3 6//3 5//3
f 6//4 2//4 1//4
f 7//5 5//5 1//5
f 4//6 2//6 6//6
o Cube.001_Cube.004
v 1.080861 2.185323 -2.448325
v 2.153344 3.801445 -1.960546
v 1.240061 2.663813 -4.383707
v 2.312544 4.279935 -3.895928
v 2.761467 1.108663 -2.576268
v 3.833950 2.724786 -2.088489
v 2.920667 1.587154 -4.511650
v 3.993150 3.203276 -4.023870
vn -0.8403 0.5383 0.0640
vn 0.0796 0.2392 -0.9677
vn 0.8403 -0.5383 -0.0640
vn -0.0796 -0.2392 0.9677
vn -0.5362 -0.8081 -0.2439
vn 0.5362 0.8081 0.2439
usemtl Material.004
s off
f 10//7 11//7 9//7
f 12//8 15//8 11//8
f 16//9 13//9 15//9
f 14//10 9//10 13//10
f 15//11 9//11 11//11
f 12//12 14//12 16//12
f 10//7 12//7 11//7
f 12//8 16//8 15//8
f 16//9 14//9 13//9
f 14//10 10//10 9//10
f 15//11 13//11 9//11
f 12//12 10//12 14//12
o Cube.002_Cube.005
v 0.563614 -0.965115 1.795457
v -0.656075 0.495547 1.179968
v 0.172988 -1.994782 0.125967
v -1.046701 -0.534120 -0.489522
v 2.099768 -0.067199 0.882234
v 0.880080 1.393463 0.266745
v 1.709142 -1.096866 -0.787256
v 0.489453 0.363796 -1.402745
vn -0.7681 -0.4490 0.4566
vn -0.1953 -0.5148 -0.8347
vn 0.7681 0.4490 -0.4566
vn 0.1953 0.5148 0.8347
vn 0.6098 -0.7303 0.3077
vn -0.6098 0.7303 -0.3077
usemtl Material.005
s off
f 18//13 19//13 17//13
f 20//14 23//14 19//14
f 24//15 21//15 23//15
f 22//16 17//16 21//16
f 23//17 17//17 19//17
f 20//18 22//18 24//18
f 18//13 20//13 19//13
f 20//14 24//14 23//14
f 24//15 22//15 21//15
f 22//16 18//16 17//16
f 23//17 21//17 17//17
f 20//18 18//18 22//18
